Shared source of truth for the embedded Flappy audio fixtures used by:
- examples/csharp/flappy_goud/EmbeddedAudioClips.cs
- examples/python/flappy_bird.py
- examples/typescript/flappy_bird/game.ts

Format:
- 8-bit PCM WAV
- mono
- 8000 Hz
- decimal byte arrays copied directly into each SDK example
- no binary assets are checked into the repo

FlapWav:
82, 73, 70, 70, 116, 0, 0, 0, 87, 65, 86, 69, 102, 109, 116, 32, 16, 0, 0, 0, 1, 0, 1, 0, 64, 31,
0, 0, 64, 31, 0, 0, 1, 0, 8, 0, 100, 97, 116, 97, 80, 0, 0, 0, 127, 182, 191, 147, 87, 61, 88, 146,
186, 177, 127, 78, 70, 108, 160, 183, 159, 110, 75, 83, 126, 168, 175, 142, 98, 79, 99, 141, 169, 162,
127, 92, 87, 114, 150, 165, 149, 115, 92, 98, 126, 154, 158, 136, 108, 96, 109, 135, 153, 148, 126, 106,
104, 119, 140, 148, 138, 120, 109, 112, 126, 139, 141, 131, 119, 114, 120, 130, 136, 134, 126, 121, 121,
125, 129, 130, 128, 126, 126, 127

ResetWav:
82, 73, 70, 70, 156, 0, 0, 0, 87, 65, 86, 69, 102, 109, 116, 32, 16, 0, 0, 0, 1, 0, 1, 0, 64, 31,
0, 0, 64, 31, 0, 0, 1, 0, 8, 0, 100, 97, 116, 97, 120, 0, 0, 0, 127, 143, 158, 171, 181, 188, 192, 192,
189, 182, 172, 160, 146, 131, 117, 103, 91, 81, 74, 69, 68, 70, 76, 84, 94, 105, 118, 131, 143, 154, 164,
171, 175, 177, 176, 172, 166, 158, 148, 137, 127, 116, 106, 97, 91, 86, 84, 84, 87, 91, 98, 106, 114, 123,
132, 141, 148, 154, 158, 161, 161, 160, 156, 152, 146, 139, 131, 124, 117, 111, 106, 102, 100, 100, 100, 103,
106, 110, 116, 121, 126, 132, 136, 140, 143, 145, 146, 145, 144, 142, 139, 135, 131, 128, 124, 121, 119, 117,
115, 115, 115, 116, 118, 119, 121, 123, 125, 127, 128, 130, 130, 131, 130, 130, 129, 129, 128, 127, 127, 127
